1.01	0.306232705614262	0.129108999629167	-0.142578925307402	-0.366985814303683	0.287753458722478	-0.532684294677096	-0.219360198165802	0.360917829092849	0.660333621972876	-0.314219932481087	0.28756894430283	0.52583344701995	-0.464072706622637	-0.438372876574379	-0.0964806451797421	-0.356611185732322	-0.518242102679173	0.264496657732607	0.541161123900388	-0.437292016414583	0.477947087999611	0.608781161836583	-0.0650269773605082	-0.441239753563431	-0.655754440668412	-0.266371861826045	0.00932881452525576	-0.405593069628961	0.622809015558107	0.260116853630434	0.412522088055188	0.01003645066109	0.192004927551533	0.587467861402777	-0.53194700632315	-0.423949040941445	0.00163370722663858	0.321428973711495	-0.311389839996589	-0.206065212990313	0.0901193773139111	-0.629464206275735	0.444583761264997	0.11993005135747	0.00185731894282221	-0.592553659335558	-0.339645645472782	0.258856294898265	-0.427834469403043	-0.0606063054616496	0.766418192029537	0.61270546737021	0.182621977708068	0.650400333583288	0.220233685052549	0.487595294511078	0.0532326815340845	0.713876468028291
0.306232705614262	1.01	-0.078996881141021	0.0906993215572723	-0.351585427143134	0.0789226643196537	-0.318005021927552	0.199667779461522	0.214715415219546	0.332954615275863	-0.290922121942289	0.162089635512032	0.310856400369083	-0.113067608686669	-0.135936965902607	-0.0705829789675016	-0.127961015985542	-0.360383161040657	0.250478049152999	0.468110625373474	-0.377612874899613	0.120926954658305	0.390078508266533	-0.200829681910792	-0.298918781742202	-0.375355183177618	-0.0889077529287324	-0.114212319932119	-0.349946559188935	0.496079162068522	-0.105542916138452	0.368490053290664	0.297551603133356	0.0572069457858313	0.4377362319809	-0.396083682759133	-0.112593603600093	0.187876577297293	0.00486842358487897	-0.182593003474544	-0.296696893920686	-0.100671633520429	-0.411121207529269	0.125534872988643	0.0181885801297895	-0.217448544075458	-0.331345654791253	-0.0443828400345823	0.440895745386621	-0.376645928188807	0.0401197166663224	0.35562911691958	0.169640808324341	0.0520407101856858	0.330846174632067	0.134607120199728	-0.0873127498499663	0.143990867371027	0.378612257968268
0.129108999629167	-0.078996881141021	1.01	-0.00717090483576136	0.0734096066578302	-0.44889495886929	-0.17790074583691	0.0759712936358208	-0.275786649773826	0.102700088298193	0.265033241063049	-0.139560362749646	-0.157703263852179	0.110218833730232	-0.00646294369721776	-0.000168504083510226	0.111038067405743	0.00848467654336427	0.223884135980281	-0.0518158075234732	-0.0836177221592133	-0.223599817974643	-0.0542952399834992	-0.00135438150292043	-0.0617537154974728	-0.13192218160642	-0.0857278643337867	0.224455047150066	-0.0664611249229473	-0.00616093303157302	0.181620750252711	-0.153956467880159	-0.0378810042509515	-0.241994590979806	-0.03833756090096	-0.0545682233383234	-0.0165892946300551	-0.0282016972680446	0.294606554130443	-0.192885491112918	-0.148451664022469	0.0200770183447232	-0.0802821227891887	0.124395825238238	-0.200872051377177	-0.155562372264359	-0.118861318548546	0.142681860207331	-0.121624711544361	-0.0845420839595174	0.392230552336972	0.0732003132701897	-0.0474329631753834	-0.0459789278574376	0.12873659651763	-0.163593205001459	-0.00239058503931438	-0.154899969413287	0.0489359334195763
-0.142578925307402	0.0906993215572723	-0.00717090483576136	1.01	-0.386871164605445	-0.21050756180707	-0.159526936029718	0.7485369411005	0.265115818260989	-0.193114835364224	0.0895977825482078	-0.192917291211224	-0.131935841725531	0.216953229559823	-0.0089317257707361	0.186251532490444	-0.412638733021058	-0.420381828933344	-0.0719073384289502	0.386863719571033	-0.32322755230519	-0.107702677883719	0.214253320523861	-0.172897054302816	-0.297299250867565	0.0063107038996986	0.144989481400365	0.440935965784348	-0.277900223027478	-0.0510825124102307	-0.366285867730117	0.416560221801337	0.319759444670094	-0.261792558469985	0.134327100133483	-0.268360349767177	-0.558080260601205	0.860418866481009	-0.380101726857878	0.00640056517276166	0.0362311110998091	-0.0122796795695349	-0.267585315952258	-0.224034530321074	-0.267371969508701	-0.260518976928278	-0.265460197834054	-0.113197769764795	0.440451041873107	-0.295006709318581	-0.119220968791682	-0.212400873627765	0.0588403039066845	0.145667067879986	-0.264408968251255	-0.156391474004701	-0.0750019810454095	0.343506852917747	-0.181519469000132
-0.366985814303683	-0.351585427143134	0.0734096066578302	-0.386871164605445	1.01	-0.325092424128883	0.345103066730502	-0.246840759603331	-0.478908117627626	-0.497447168044386	0.312695548925627	-0.238306570606657	-0.300859620054055	-0.0620676213026912	0.485543657157359	-0.293791399750624	0.43075622105676	0.845989711745634	-0.423569937886646	-0.57182381740618	0.898536640538116	-0.291733170606594	-0.4614776482389	0.335741028875324	0.891169487447515	0.626038912508816	-0.0251464821399581	-0.261553426653801	0.769343211924379	-0.641702864760024	-0.1184165623785	-0.52040017894957	-0.45305631682097	-0.246350474504648	-0.402098532160112	0.848285623776058	0.478030666226871	-0.434699116781123	0.0867150666766182	0.0278609810980434	0.111028409394559	-0.20340089608115	0.708056227080566	0.10838432821386	-0.240984520869283	0.266142533480633	0.750711463754086	0.669412235528231	-0.388321103546686	0.88762369952485	0.313090544787835	-0.621935328411082	-0.400090620335283	-0.337683518798054	-0.478584662015738	-0.291191508091119	-0.0732770707844521	-0.661813759519673	-0.57713611706284
0.287753458722478	0.0789226643196537	-0.44889495886929	-0.21050756180707	-0.325092424128883	1.01	-0.0864981414269255	-0.288553811595486	0.29521582272883	0.447775685404676	-0.285995163177852	0.296190794411028	0.402931873265382	-0.149073534990865	-0.252071166923927	0.143061890175672	-0.197478199925481	-0.307130607890674	0.285739156625991	0.0823067486159994	-0.27552016970749	0.433901955942968	0.153483273324503	-0.057905780036097	-0.33956328330675	-0.201678891898871	-0.167540655580323	-0.13488596210236	-0.330070773114502	0.413336733329714	0.34372590038795	0.175635180711535	0.1632918781994	0.560544717165436	0.171642497245528	-0.356000491604301	-0.0410738763225943	-0.111422968141951	-0.023826715864389	0.190797494399671	-0.157933115603856	0.0874631455249959	-0.271429048794987	-0.038253611458024	0.271613786171521	0.158954568751598	-0.220026281074074	-0.473028939302893	0.0137875924082775	-0.288928399863997	-0.625333495715294	0.466511573409862	0.274000494797276	0.373048684770334	0.356723871087043	0.450528246405022	0.0648913192777371	0.152421590955245	0.415334827311858
-0.532684294677096	-0.318005021927552	-0.17790074583691	-0.159526936029718	0.345103066730502	-0.0864981414269255	1.01	-0.183190384024545	-0.531825139208379	-0.430099913590581	0.11834004365716	0.131085996312205	-0.525435467820746	-0.030787763604596	0.531994698402414	0.1684287256525	0.357913061666037	0.630548445149109	-0.224791619793291	-0.343487443965169	0.520731931657602	-0.325325925451793	-0.269543688404088	0.104860142619082	0.520697488424468	0.664045396922712	0.0562676362263275	-0.417363279113124	0.621890600774841	-0.502749534011956	-0.131542741778064	-0.514322318271109	-0.100925705642708	-9.08703901137866e-05	-0.234241948117762	0.558134937225412	0.461235859916171	-0.337645005339184	-0.265777686696056	0.522994483110019	0.0474604189753859	-0.11482981170228	0.701154421951927	-0.357745669264223	-0.101262966140326	0.21121517978323	0.58488656714506	0.0218465019702812	-0.403991922379067	0.516293230356682	-0.145994759221563	-0.492276709051302	-0.33123655646312	-0.166032556592433	-0.339440676192208	-0.00977758558819694	-0.228223202125924	-0.0893324594991972	-0.377359504992031
-0.219360198165802	0.199667779461522	0.0759712936358208	0.7485369411005	-0.246840759603331	-0.288553811595486	-0.183190384024545	1.01	0.177987755729235	-0.263865228901655	0.112952664160353	-0.37073737745296	-0.121006512214532	0.313202522604996	0.0493684892142465	0.148094942876187	-0.27352155037685	-0.316448759351538	-0.0974795105641533	0.300203264963898	-0.250689537730396	-0.243182799038179	0.117787504472005	-0.37327524384652	-0.179108029641424	0.0374431358867229	0.238216139709382	0.268441345480522	-0.210847827434578	-0.0471807818543811	-0.221001308220481	0.213511534603487	0.472641230226777	-0.212691618795961	0.0753059644211272	-0.175996388612153	-0.373318860975644	0.724235021808411	-0.257540700386362	0.154474381462979	-0.163682100908753	-0.041421252638278	-0.189309841874891	-0.426094002716007	-0.16909155099311	-0.46669910497931	-0.138196977865375	0.0582432309914567	0.57972896393938	-0.210162227730005	-0.0575349159584791	-0.339291826781442	-0.135321090229033	0.101579376753016	-0.373802359588178	-0.129284067840011	-0.32154796206046	0.219716807339429	-0.364323520458457
0.360917829092849	0.214715415219546	-0.275786649773826	0.265115818260989	-0.478908117627626	0.29521582272883	-0.531825139208379	0.177987755729235	1.01	0.302448887142331	-0.263236876353643	0.0287236504313387	0.414373850920632	-0.0533580664441445	-0.374420418511607	0.113934236160328	-0.498534455503327	-0.613041737091468	-0.0182233594261885	0.353832154332909	-0.484270959455447	0.45867485958047	0.31572677265688	-0.140794877650282	-0.484664612216626	-0.434477780053077	0.0903473893716924	0.338526185446547	-0.50083834117591	0.551221596574076	-0.0361994433422409	0.478013677124646	0.211235033506242	0.118562066173026	0.238411940058486	-0.502773467447598	-0.497914213147131	0.337379886533188	0.0241156483593834	-0.190553729777148	0.0137827532884556	0.075600051873219	-0.521091698294655	0.0699630087175479	0.0691376682205985	-0.0974740419025765	-0.56124982359045	-0.212051424736961	0.409678152325921	-0.494866480537216	-0.261323329161099	0.368591729705127	0.303364709335242	0.195580747001029	0.103445927045522	0.140958670974391	0.348818603469824	0.401339299678802	0.269744818705094
0.660333621972876	0.332954615275863	0.102700088298193	-0.193114835364224	-0.497447168044386	0.447775685404676	-0.430099913590581	-0.263865228901655	0.302448887142331	1.01	-0.383083919038393	0.402641619460167	0.538816355843428	-0.390508109496093	-0.284871008566739	0.127629198735616	-0.229907811279047	-0.484512650439373	0.40560582757803	0.405914208862797	-0.514072968777045	0.4276838543238	0.423674475181773	-0.0196836933132073	-0.528252529579585	-0.53659816099883	-0.244962360236806	0.0587285183468867	-0.496629218811593	0.664433801397843	0.33425756882758	0.392830479392141	0.110245282498942	0.298881638192195	0.411172378149019	-0.608269473815942	-0.134372399180949	-0.0816833233573907	0.174539199692224	-0.199496467545204	-0.319463215594812	-0.0613084365255447	-0.517525244434729	0.294274941635792	0.181223125932688	-0.0459137344845965	-0.543718740268039	-0.359547705035703	0.129006027333677	-0.493881705659278	-0.143055094600138	0.845765920108972	0.399998602363871	0.269055351611547	0.744387272644039	0.343469693868312	0.28905164828123	0.260586995628278	0.816228819112458
-0.314219932481087	-0.290922121942289	0.265033241063049	0.0895977825482078	0.312695548925627	-0.285995163177852	0.11834004365716	0.112952664160353	-0.263236876353643	-0.383083919038393	1.01	-0.262560038474758	-0.406054081954535	0.24389305269991	0.0492765680874027	-0.00649098858585873	0.142176256393497	0.174196956913106	-0.36156629806506	-0.426945412637536	0.185513625255302	-0.236546014642628	-0.439861394124138	0.139482968326078	0.210144082013084	0.265768276794315	0.142633875156068	0.201179000735534	0.132148506182157	-0.278334138683951	-0.0623914378207295	-0.175368583977217	-0.120179986212946	-0.194392325573203	-0.39202743938683	0.223512747218817	-0.0450378338781137	0.0151298364404354	0.0438407812444255	0.000892966550647016	0.0314036854515852	-0.192606003837286	0.149216177395084	-0.205249367757213	-0.0182259970399119	0.0310137427086687	0.180463858712902	0.293567110581109	-0.21906702808808	0.158941715257651	0.132137625593403	-0.357288768038605	-0.290754401656693	-0.126037340810542	-0.143426080990713	-0.135940009934303	0.0326588845521673	-0.061314138579096	-0.37682200957634
0.28756894430283	0.162089635512032	-0.139560362749646	-0.192917291211224	-0.238306570606657	0.296190794411028	0.131085996312205	-0.37073737745296	0.0287236504313387	0.402641619460167	-0.262560038474758	1.01	0.241051827552893	-0.319123911247928	0.115554452996244	0.191264952799885	0.129222814703666	-0.0886187686412869	0.0162934609139375	0.126553128182201	-0.130377120609582	0.156210286680886	0.141715630211596	0.178622432644001	-0.2101161237354	-0.244078007089456	-0.339613498046317	-0.239772092036932	-0.108598770220303	0.332406902013459	0.0281355811490204	0.153308952632505	0.105633325055007	-0.00401412704480227	0.148959424135575	-0.158295650982055	0.0504831606883198	-0.226512200481268	0.093029411670543	0.126650719540036	-0.076880017864064	0.0102651758329117	-0.0020050775011922	0.286754742761992	-0.0269491967555424	0.285249249381258	-0.157112177990451	-0.147755248054082	-0.0915818972995902	-0.158780740690701	-0.125413356192373	0.475529481072756	0.0468057003241528	-0.146575264110055	0.513030946419241	0.321664571163627	0.21615339806233	0.248897294898817	0.565279149547466
0.52583344701995	0.310856400369083	-0.157703263852179	-0.131935841725531	-0.300859620054055	0.402931873265382	-0.525435467820746	-0.121006512214532	0.414373850920632	0.538816355843428	-0.406054081954535	0.241051827552893	1.01	-0.295367755481861	-0.228507405281544	0.0011538337092209	-0.396506629065063	-0.42233711689314	0.265161584940332	0.303973778779837	-0.300871583990561	0.495925016398627	0.314507564806391	-0.343372918251639	-0.349044646115489	-0.428804903033303	-0.0305069942397949	-0.144099523676573	-0.352697685466769	0.624812349003103	0.201490308118974	0.472242448785978	0.186449627633339	0.241214505472501	0.209141614794102	-0.337388604145805	-0.186096475371868	0.00678135747796912	0.153632685874626	-0.0917140843764216	-0.232930717038681	0.0367596743313201	-0.352336023071612	0.212876106787921	0.106540407577424	-0.11335582646919	-0.25494688132959	-0.218019915432811	0.164709598729738	-0.309724391750378	-0.179960318718793	0.59300177243528	0.289846490183256	0.30572478303094	0.483469875049718	0.315801533920062	0.115831757989083	0.0583111170132045	0.52765794154966
-0.464072706622637	-0.113067608686669	0.110218833730232	0.216953229559823	-0.0620676213026912	-0.149073534990865	-0.030787763604596	0.313202522604996	-0.0533580664441445	-0.390508109496093	0.24389305269991	-0.319123911247928	-0.295367755481861	1.01	-0.273916368764724	0.14721932153073	-0.00608699565821299	-0.0807894055405033	0.163038832870283	-0.340848104790007	-0.11327954831394	-0.289477811519519	-0.488406725299511	-0.168466530974694	-0.123615368661168	0.0568790758379121	0.144085387436389	0.324767618086476	-0.143844918491136	-0.234171064054864	-0.126526065761049	-0.168529115347232	0.271825128574779	-0.188939156778265	-0.453528186380735	-0.00303792853307822	0.0643643709961986	0.295373037016257	-0.0481631362816634	0.0720035138049193	0.170285732886148	0.24936262413748	-0.0782505525547749	-0.420877746226189	-0.0596666617132142	-0.128881963931652	0.0150197432804514	-0.00107680493062123	-0.0879379066450491	-0.128985757924429	0.0829749431428149	-0.295164648715665	-0.336055845906126	0.0691336586528891	-0.278382209836435	-0.080955293961901	-0.398406546438829	0.175201273210932	-0.317169056136933
-0.438372876574379	-0.135936965902607	-0.00646294369721776	-0.0089317257707361	0.485543657157359	-0.252071166923927	0.531994698402414	0.0493684892142465	-0.374420418511607	-0.284871008566739	0.0492765680874027	0.115554452996244	-0.228507405281544	-0.273916368764724	1.01	0.0320890360293208	0.385352609705229	0.640664785561816	-0.397862163278367	-0.276404358730133	0.578889578160781	-0.351732872873543	-0.242285680260442	0.173685396331841	0.581368609507619	0.658492734923869	0.0609291059259653	-0.337743183402407	0.599886564461985	-0.438456387194735	-0.0984777018276495	-0.358189705864921	-0.0842225812334502	-0.15239122817399	-0.23646210775225	0.58803325165368	0.392469631534998	-0.229352358229466	-0.316673654847662	0.316467303087	-0.106000137863987	-0.373125179624304	0.70959488574056	-0.0354140001657399	-0.256334308767008	0.0907006847936226	0.5731099083906	0.525557976323055	-0.228138740723464	0.598258822502393	0.0811451441995244	-0.517423195168543	-0.428083328528898	-0.260526435106564	-0.405259231025667	-0.155727732530889	-0.161746102481343	-0.246484788395943	-0.41980753790887
-0.0964806451797421	-0.0705829789675016	-0.000168504083510226	0.186251532490444	-0.293791399750624	0.143061890175672	0.1684287256525	0.148094942876187	0.113934236160328	0.127629198735616	-0.00649098858585873	0.191264952799885	0.0011538337092209	0.14721932153073	0.0320890360293208	1.01	-0.289766930114211	-0.174190399418367	0.0721028335231179	-0.0576162397962525	-0.145518933610197	-0.160183700015468	-0.12692050660228	-0.245609237230732	-0.207836644710303	0.12390022014417	0.210695798225117	0.122161294413341	-0.145335668708106	0.150939172014687	-0.089649483271118	0.0450563600057794	0.266782973346911	-0.0398803825495764	-0.218288911440291	-0.105355433917945	-0.059853859593672	0.222390490223636	-0.070388453528955	0.463397399664426	-0.213144106824098	-0.172864049626747	0.00945767233671361	-0.35379803119298	-0.00933603895912	-0.0466783195289944	-0.0912401212483321	-0.195312897978028	-0.102091114780046	-0.183752677473973	-0.252934560988507	0.0674228895952659	-0.24097499469274	0.101112868090826	0.0430844054236065	0.333579671230916	0.0422615062562879	0.648758710587893	0.0975295475177897
-0.356611185732322	-0.127961015985542	0.111038067405743	-0.412638733021058	0.43075622105676	-0.197478199925481	0.357913061666037	-0.27352155037685	-0.498534455503327	-0.229907811279047	0.142176256393497	0.129222814703666	-0.396506629065063	-0.00608699565821299	0.385352609705229	-0.289766930114211	1.01	0.559237538725978	-0.116834168079443	-0.484735696781969	0.407614369754606	-0.253552210427624	-0.420527324802437	0.363128751905123	0.405602837395973	0.250041743326571	-0.170176579786779	-0.21352288887435	0.398027241953197	-0.367437489019356	0.0990994139953875	-0.455679796140953	-0.208679326912086	-0.106956143955013	-0.311073044886266	0.409664046362003	0.55894060006247	-0.496446613050575	0.0669318461073793	0.0102055649377115	0.0595697815418699	-0.0829302803259241	0.484710748099893	0.170248517218975	0.112063759525393	0.155451146340578	0.455969412810721	0.410343773882061	-0.344992856154731	0.403832693092275	0.309905789407938	-0.280688787345136	-0.407768706026438	-0.441246659454942	-0.173987948882795	-0.199610611289934	-0.286262998576873	-0.316371779270014	-0.248622535765715
-0.518242102679173	-0.360383161040657	0.00848467654336427	-0.420381828933344	0.845989711745634	-0.307130607890674	0.630548445149109	-0.316448759351538	-0.613041737091468	-0.484512650439373	0.174196956913106	-0.0886187686412869	-0.42233711689314	-0.0807894055405033	0.640664785561816	-0.174190399418367	0.559237538725978	1.01	-0.373045386028454	-0.554881797796166	0.86717242290891	-0.397587014889923	-0.449539458361501	0.328293860068262	0.860595788316339	0.728372600218428	-0.042881761810315	-0.397300120850043	0.831973199505806	-0.688103342134528	-0.0925472799512977	-0.628984511496544	-0.455868070567202	-0.207848630196849	-0.385643849364393	0.869640490588321	0.683328485763825	-0.532589267943409	-0.0620494701816271	0.198388025136016	0.131744703228127	-0.168305339198895	0.860438631880838	-0.0013888996783481	-0.205975101283558	0.253706806593489	0.789162696786128	0.538304816030435	-0.465470584719946	0.874051546130775	0.253840284138322	-0.635494782233875	-0.457442644471833	-0.387419866800668	-0.476101145023387	-0.23631477873496	-0.180593406320424	-0.529171820816884	-0.542660788368154
0.264496657732607	0.250478049152999	0.223884135980281	-0.0719073384289502	-0.423569937886646	0.285739156625991	-0.224791619793291	-0.0974795105641533	-0.0182233594261885	0.40560582757803	-0.36156629806506	0.0162934609139375	0.265161584940332	0.163038832870283	-0.397862163278367	0.0721028335231179	-0.116834168079443	-0.373045386028454	1.01	0.189320857339059	-0.450224910288545	0.193581539445256	0.201206079999062	-0.264838232683998	-0.451397696290026	-0.399434975244449	-0.0918300208327446	0.0161295001791726	-0.484792849350492	0.325085551580573	0.258900681752053	0.195890908699665	0.20139632732904	0.334109808487748	0.196728685281479	-0.475054537651891	-0.0322481314345941	0.0485120561819234	0.142590179956836	-0.112754074742926	-0.159719062665464	0.135543167036472	-0.378798192264658	-0.0125507767142134	0.0840184041343492	-0.175810168702289	-0.326987099048953	-0.473991885333222	-0.0608750681914533	-0.433130197378209	-0.00284725445846155	0.458352479312668	0.298466985651632	0.426713683607066	0.391215052412422	-0.0238578091967833	-0.183351037537219	0.140013491083899	0.395602731668031
0.541161123900388	0.468110625373474	-0.0518158075234732	0.386863719571033	-0.57182381740618	0.0823067486159994	-0.343487443965169	0.300203264963898	0.353832154332909	0.405914208862797	-0.426945412637536	0.126553128182201	0.303973778779837	-0.340848104790007	-0.276404358730133	-0.0576162397962525	-0.484735696781969	-0.554881797796166	0.189320857339059	1.01	-0.531795564994043	0.315271724797597	0.900622470347725	-0.285923923457832	-0.456014386443829	-0.518962869988895	-0.177386985553406	-0.00814124784760503	-0.415292532691777	0.466268900007828	-0.0177050312018349	0.569023370538862	0.127333690195121	0.00995731945423741	0.874786204727095	-0.552361639014681	-0.478213987047177	0.435964791322834	-0.0580811460622465	-0.135670316240573	-0.188308430710926	0.0151573060747395	-0.521565871455005	0.0944704548924888	0.0263392376779283	-0.274669512919619	-0.556733432740848	-0.421259271885145	0.700599291264247	-0.471416186693008	-0.194110481241661	0.451204024701105	0.660062429758636	0.16719855360342	0.343894269832466	0.122374844258911	0.152004396558309	0.218386188142188	0.495715364893397
-0.437292016414583	-0.377612874899613	-0.0836177221592133	-0.32322755230519	0.898536640538116	-0.27552016970749	0.520731931657602	-0.250689537730396	-0.484270959455447	-0.514072968777045	0.185513625255302	-0.130377120609582	-0.300871583990561	-0.11327954831394	0.578889578160781	-0.145518933610197	0.407614369754606	0.86717242290891	-0.450224910288545	-0.531795564994043	1.01	-0.277758629048258	-0.421966890422464	0.299668771926557	0.934616642704505	0.724100541337028	0.0215958010053537	-0.353582469125143	0.861473801532823	-0.675484399113088	-0.217222485966277	-0.528937075750734	-0.406437806691199	-0.281407521081559	-0.394859763277881	0.918533561269182	0.480161197633183	-0.392145013091971	-0.037068859950708	0.19220006611173	0.0791755392679293	-0.238823626865097	0.819758892125492	0.0497421854320228	-0.206336311565183	0.27148376654124	0.862013961960248	0.567370359078471	-0.423058380335112	0.951862860131629	0.191411411144477	-0.647906361150243	-0.428804501355909	-0.36906391942327	-0.51060363412196	-0.269149822263301	-0.0860295114186094	-0.560170594458786	-0.556298594379819
0.477947087999611	0.120926954658305	-0.223599817974643	-0.107702677883719	-0.291733170606594	0.433901955942968	-0.325325925451793	-0.243182799038179	0.45867485958047	0.4276838543238	-0.236546014642628	0.156210286680886	0.495925016398627	-0.289477811519519	-0.351732872873543	-0.160183700015468	-0.253552210427624	-0.397587014889923	0.193581539445256	0.315271724797597	-0.277758629048258	1.01	0.393627017872228	-0.0505957053065334	-0.306243911460387	-0.443948647819762	-0.247489576239152	-0.0883565063571817	-0.322357455317526	0.493099905987004	0.18571543088056	0.318918431529993	-0.083872259287982	0.215022253493846	0.397204416807261	-0.377176471283977	-0.398098064462298	-0.00115889868122779	0.0602928745896031	-0.190501868973322	-0.10962297997192	0.060486945829635	-0.333468618085539	0.182745178478794	0.176526157109685	-0.018868400796591	-0.274137008000675	-0.278203307415166	0.220785740158278	-0.302332166722024	-0.166981227332362	0.533839911540047	0.413059346646691	0.198126712569825	0.389846875595911	0.167234270992536	0.292687850803261	0.0697679611896556	0.461950283584158
0.608781161836583	0.390078508266533	-0.0542952399834992	0.214253320523861	-0.4614776482389	0.153483273324503	-0.269543688404088	0.117787504472005	0.31572677265688	0.423674475181773	-0.439861394124138	0.141715630211596	0.314507564806391	-0.488406725299511	-0.242285680260442	-0.12692050660228	-0.420527324802437	-0.449539458361501	0.201206079999062	0.900622470347725	-0.421966890422464	0.393627017872228	1.01	-0.201042075117103	-0.356483769756183	-0.496406547559284	-0.234328158500119	-0.114834463111056	-0.320623800733354	0.433119715615068	0.0389742330125552	0.471858849773019	0.0207742235945156	0.109248646110785	0.916742942331549	-0.475855610475194	-0.429717260713329	0.253085060644742	-0.0301270306846196	-0.163597558495209	-0.1869653174785	0.0359161404156377	-0.445802046398416	0.172877562407478	0.042811743380828	-0.211520979776313	-0.495906228648318	-0.429895642181382	0.598253808151424	-0.371368262515257	-0.193067263377367	0.471059130210086	0.735279140941461	0.186569196914834	0.357610863864714	0.0986216038691137	0.248427380782478	0.0594263330912684	0.490911101105981
-0.0650269773605082	-0.200829681910792	-0.00135438150292043	-0.172897054302816	0.335741028875324	-0.057905780036097	0.104860142619082	-0.37327524384652	-0.140794877650282	-0.0196836933132073	0.139482968326078	0.178622432644001	-0.343372918251639	-0.168466530974694	0.173685396331841	-0.245609237230732	0.363128751905123	0.328293860068262	-0.264838232683998	-0.285923923457832	0.299668771926557	-0.0505957053065334	-0.201042075117103	1.01	0.265545859256021	0.179311813402655	-0.241899278743345	0.0902632383284028	0.268241285962332	-0.366917996389288	-0.0274963586730372	-0.14384119544255	-0.430704130982502	-0.120903882534827	-0.159653410441107	0.226099649314261	0.0587334899348357	-0.313583307780737	-0.0364248024383196	-0.407610799187528	0.289390588432265	-0.0128007885736201	0.174072148293846	0.435730019997125	-0.0989977688407377	0.580535579438479	0.0798915908745301	0.317103142898012	-0.281076062560309	0.270861799484966	0.210828483425532	-0.0924269922250872	-0.172004565311303	-0.431032378597604	-0.0831393059897389	-0.171683726926926	0.402556501971953	-0.200843816773026	-0.0669364610301
-0.441239753563431	-0.298918781742202	-0.0617537154974728	-0.297299250867565	0.891169487447515	-0.33956328330675	0.520697488424468	-0.179108029641424	-0.484664612216626	-0.528252529579585	0.210144082013084	-0.2101161237354	-0.349044646115489	-0.123615368661168	0.581368609507619	-0.207836644710303	0.405602837395973	0.860595788316339	-0.451397696290026	-0.456014386443829	0.934616642704505	-0.306243911460387	-0.356483769756183	0.265545859256021	1.01	0.725845597929701	0.0749282996528028	-0.355205151909999	0.859814990940412	-0.673388331450386	-0.200768838645813	-0.524702990102043	-0.380841486904288	-0.25916667444417	-0.300402266977909	0.890841838411903	0.487465021726807	-0.376040399357748	-0.0634168426056319	0.162327812771383	0.0218055145608539	-0.319355895835086	0.787950608335938	0.0076500213899283	-0.226438004911638	0.241040674585058	0.827119542193844	0.577252532280168	-0.351308482055643	0.932557211439729	0.211049690958809	-0.677390665450993	-0.374629114852617	-0.34858779031179	-0.537226797806779	-0.288309716496351	-0.127724064440829	-0.556333965029348	-0.584090006755491
-0.655754440668412	-0.375355183177618	-0.13192218160642	0.0063107038996986	0.626038912508816	-0.201678891898871	0.664045396922712	0.0374431358867229	-0.434477780053077	-0.53659816099883	0.265768276794315	-0.244078007089456	-0.428804903033303	0.0568790758379121	0.658492734923869	0.12390022014417	0.250041743326571	0.728372600218428	-0.399434975244449	-0.518962869988895	0.724100541337028	-0.443948647819762	-0.496406547559284	0.179311813402655	0.725845597929701	1.01	0.205167307895018	-0.153901407994241	0.705539632359652	-0.707409270575204	-0.146072324302637	-0.439976298806528	-0.148785306148418	-0.10388009340225	-0.501037779498105	0.735766308061665	0.455039143893462	-0.142142711759091	-0.36393799126922	0.406521492719032	0.0215267101647381	-0.280825732291322	0.72801582834241	-0.303560163463253	-0.239716235566513	0.250559689495475	0.736355564019718	0.358165695273101	-0.401808101793783	0.725227320372367	-0.0851291853838756	-0.753416458032931	-0.551273534214236	-0.126093155372766	-0.649115145086533	-0.167861994613472	-0.271092504928331	-0.248148958841437	-0.66455735900075
-0.266371861826045	-0.0889077529287324	-0.0857278643337867	0.144989481400365	-0.0251464821399581	-0.167540655580323	0.0562676362263275	0.238216139709382	0.0903473893716924	-0.244962360236806	0.142633875156068	-0.339613498046317	-0.0305069942397949	0.144085387436389	0.0609291059259653	0.210695798225117	-0.170176579786779	-0.042881761810315	-0.0918300208327446	-0.177386985553406	0.0215958010053537	-0.247489576239152	-0.234328158500119	-0.241899278743345	0.0749282996528028	0.205167307895018	1.01	0.0133672389077571	0.061529446408174	-0.0539034015697298	-0.150029729515376	-0.0850255624245652	0.209174988696552	0.0357258913785156	-0.306199881195434	0.0613281192220905	-0.0786136132481703	0.0610786719116002	0.0106141430410638	0.205101894158657	-0.188720922633374	-0.185210410144014	0.104205336167196	-0.295139939735655	0.30185247460443	-0.144517779892234	0.115460013803032	0.0371600565625718	-0.195273019960646	0.0380353455602098	-0.074333951507258	-0.283899628905764	-0.15881037558058	-0.0769350522210581	-0.310116538509277	-0.087470190348469	-0.0835002055059457	0.126404116028649	-0.351414927565652
0.00932881452525576	-0.114212319932119	0.224455047150066	0.440935965784348	-0.261553426653801	-0.13488596210236	-0.417363279113124	0.268441345480522	0.338526185446547	0.0587285183468867	0.201179000735534	-0.239772092036932	-0.144099523676573	0.324767618086476	-0.337743183402407	0.122161294413341	-0.21352288887435	-0.397300120850043	0.0161295001791726	-0.00814124784760503	-0.353582469125143	-0.0883565063571817	-0.114834463111056	0.0902632383284028	-0.355205151909999	-0.153901407994241	0.0133672389077571	1.01	-0.406370385097477	0.022630847237871	-0.107907694258747	0.302470435639763	0.116057812360921	-0.12153111575392	-0.181213061454062	-0.314009278724362	-0.252018379542551	0.454117682111791	-0.0436168337381115	-0.364658812239542	0.209654438600541	0.0782419247657175	-0.445833180365051	0.0464591453638701	-0.154429304060242	-0.0571628924435811	-0.38719970976124	-0.0553867306008878	0.124368017603298	-0.369187891757284	0.101170448923173	0.0518646259451633	0.00642976681993594	0.233476940843047	-0.0274124212507216	-0.129639385964786	0.103527060191087	0.304227061967488	0.0108919997460168
-0.405593069628961	-0.349946559188935	-0.0664611249229473	-0.277900223027478	0.769343211924379	-0.330070773114502	0.621890600774841	-0.210847827434578	-0.50083834117591	-0.496629218811593	0.132148506182157	-0.108598770220303	-0.352697685466769	-0.143844918491136	0.599886564461985	-0.145335668708106	0.398027241953197	0.831973199505806	-0.484792849350492	-0.415292532691777	0.861473801532823	-0.322357455317526	-0.320623800733354	0.268241285962332	0.859814990940412	0.705539632359652	0.061529446408174	-0.406370385097477	1.01	-0.64170925450439	-0.158061162138001	-0.545758203467075	-0.361240936342522	-0.244374846472128	-0.304083282773232	0.870715462889626	0.471375758909843	-0.3943223361401	-0.159586730700764	0.226725172137794	0.067842024434881	-0.14100674830716	0.78627224642745	-0.0042427014355774	-0.181886387226896	0.266192006724512	0.781189156242014	0.464103822653276	-0.410556822391754	0.868884726373082	0.111481231627371	-0.617443588128969	-0.409476456020355	-0.434914570509881	-0.493709537476816	-0.169734271792082	-0.0958894777488757	-0.509272236880881	-0.513909140824272
0.622809015558107	0.496079162068522	-0.00616093303157302	-0.0510825124102307	-0.641702864760024	0.413336733329714	-0.502749534011956	-0.0471807818543811	0.551221596574076	0.664433801397843	-0.278334138683951	0.332406902013459	0.624812349003103	-0.234171064054864	-0.438456387194735	0.150939172014687	-0.367437489019356	-0.688103342134528	0.325085551580573	0.466268900007828	-0.675484399113088	0.493099905987004	0.433119715615068	-0.366917996389288	-0.673388331450386	-0.707409270575204	-0.0539034015697298	0.022630847237871	-0.64170925450439	1.01	0.230245745241336	0.462778781520917	0.327927256813381	0.314924089158183	0.413868916849843	-0.692667971271468	-0.326161213653964	0.0708983509689491	0.29764056343123	-0.0780686535761373	-0.312515019770179	0.0565707530467958	-0.611400347037508	0.155364021554967	0.212833391690447	-0.217075095784753	-0.613167835181013	-0.40434103331013	0.313215550183022	-0.703047097851563	-0.224487657908275	0.795512401955063	0.394529643614938	0.234669461743004	0.678044011229002	0.456277170814618	0.197209670375801	0.36504252587837	0.712720623800122
0.260116853630434	-0.105542916138452	0.181620750252711	-0.366285867730117	-0.1184165623785	0.34372590038795	-0.131542741778064	-0.221001308220481	-0.0361994433422409	0.33425756882758	-0.0623914378207295	0.0281355811490204	0.201490308118974	-0.126526065761049	-0.0984777018276495	-0.089649483271118	0.0990994139953875	-0.0925472799512977	0.258900681752053	-0.0177050312018349	-0.217222485966277	0.18571543088056	0.0389742330125552	-0.0274963586730372	-0.200768838645813	-0.146072324302637	-0.150029729515376	-0.107907694258747	-0.158061162138001	0.230245745241336	1.01	-0.152756710232987	-0.0408869019958749	0.526450212685482	0.07344354643405	-0.232637290007041	0.102680580321594	-0.295986406000741	0.130477860140912	0.140282799021701	-0.147647090162657	0.166317026867981	-0.180200109920354	0.0144761180731059	0.203023087223475	0.136756442236969	-0.120566455482487	-0.302061837307713	-0.162896529014773	-0.200473316358596	-0.318241472403071	0.329550507006176	0.0638348497197305	0.221308118258178	0.234725474313589	0.179695361363939	-0.0714975182015183	-0.069302583071052	0.244326593815947
0.412522088055188	0.368490053290664	-0.153956467880159	0.416560221801337	-0.52040017894957	0.175635180711535	-0.514322318271109	0.213511534603487	0.478013677124646	0.392830479392141	-0.175368583977217	0.153308952632505	0.472242448785978	-0.168529115347232	-0.358189705864921	0.0450563600057794	-0.455679796140953	-0.628984511496544	0.195890908699665	0.569023370538862	-0.528937075750734	0.318918431529993	0.471858849773019	-0.14384119544255	-0.524702990102043	-0.439976298806528	-0.0850255624245652	0.302470435639763	-0.545758203467075	0.462778781520917	-0.152756710232987	1.01	0.18388407723272	-0.000350842040019506	0.374298578443348	-0.566873433218169	-0.464605581134032	0.477380299663595	-0.0476893856787064	-0.312470759408827	-0.0344755297654528	-0.100022369882961	-0.558502537542036	0.185585278035985	0.0107359149657834	-0.0942095411676343	-0.554739203790395	-0.267400418459173	0.456889290160398	-0.511221624531641	-0.122116198223822	0.446752746416593	0.418207705122989	0.197888768081716	0.345673269062232	0.115368261049609	0.203265390412581	0.347560881653573	0.431147689861463
0.01003645066109	0.297551603133356	-0.0378810042509515	0.319759444670094	-0.45305631682097	0.1632918781994	-0.100925705642708	0.472641230226777	0.211235033506242	0.110245282498942	-0.120179986212946	0.105633325055007	0.186449627633339	0.271825128574779	-0.0842225812334502	0.266782973346911	-0.208679326912086	-0.455868070567202	0.20139632732904	0.127333690195121	-0.406437806691199	-0.083872259287982	0.0207742235945156	-0.430704130982502	-0.380841486904288	-0.148785306148418	0.209174988696552	0.116057812360921	-0.361240936342522	0.327927256813381	-0.0408869019958749	0.18388407723272	1.01	0.156499275511295	-0.00931515906927223	-0.362679595078987	-0.152074430956588	0.3141254176695	-0.0315222179967246	0.259425500718577	-0.384546072366209	-0.0608470582890381	-0.278891767680083	-0.18562790679248	-0.0045501125950603	-0.165517335860216	-0.228055870638548	-0.202561667973204	0.202601055976864	-0.406123802454783	-0.229847273310266	0.162544441224719	-0.0604473677664368	0.227864496607233	0.0975794127592388	0.213973485821645	-0.277521694567169	0.313885547932588	0.122968896414285
0.192004927551533	0.0572069457858313	-0.241994590979806	-0.261792558469985	-0.246350474504648	0.560544717165436	-9.08703901137866e-05	-0.212691618795961	0.118562066173026	0.298881638192195	-0.194392325573203	-0.00401412704480227	0.241214505472501	-0.188939156778265	-0.15239122817399	-0.0398803825495764	-0.106956143955013	-0.207848630196849	0.334109808487748	0.00995731945423741	-0.281407521081559	0.215022253493846	0.109248646110785	-0.120903882534827	-0.25916667444417	-0.10388009340225	0.0357258913785156	-0.12153111575392	-0.244374846472128	0.314924089158183	0.526450212685482	-0.000350842040019506	0.156499275511295	1.01	0.0924302647263941	-0.310494714643318	0.0809910679403465	-0.226891856590331	-0.0268906964029345	0.138712624358509	-0.109363359836119	0.133890941534123	-0.246181814841558	-0.0713296711717674	0.249496045118815	0.0880393391696431	-0.148517868907938	-0.432237256804455	-0.0943403564632219	-0.290206969713132	-0.418324054386416	0.304502714866024	0.184283493235552	0.45258490156936	0.213653797893962	0.195025370936987	-0.0784997695751088	-0.0289662968634965	0.189560499501014
0.587467861402777	0.4377362319809	-0.03833756090096	0.134327100133483	-0.402098532160112	0.171642497245528	-0.234241948117762	0.0753059644211272	0.238411940058486	0.411172378149019	-0.39202743938683	0.148959424135575	0.209141614794102	-0.453528186380735	-0.23646210775225	-0.218288911440291	-0.311073044886266	-0.385643849364393	0.196728685281479	0.874786204727095	-0.394859763277881	0.397204416807261	0.916742942331549	-0.159653410441107	-0.300402266977909	-0.501037779498105	-0.306199881195434	-0.181213061454062	-0.304083282773232	0.413868916849843	0.07344354643405	0.374298578443348	-0.00931515906927223	0.0924302647263941	1.01	-0.458684984917756	-0.358585572427451	0.18888156187284	0.00283279246631122	-0.163477050579586	-0.219124477773747	-0.0012484544301513	-0.422685589369664	0.173933592369959	0.0511300939669739	-0.188271609940386	-0.474324841788497	-0.372078289071293	0.612561299473194	-0.337115238501122	-0.152342972638348	0.460265262900269	0.762748692699347	0.145684308666284	0.376205728107701	0.10398265585048	0.198673854699616	0.0215353094234467	0.495713123914932
-0.53194700632315	-0.396083682759133	-0.0545682233383234	-0.268360349767177	0.848285623776058	-0.356000491604301	0.558134937225412	-0.175996388612153	-0.502773467447598	-0.608269473815942	0.223512747218817	-0.158295650982055	-0.337388604145805	-0.00303792853307822	0.58803325165368	-0.105355433917945	0.409664046362003	0.869640490588321	-0.475054537651891	-0.552361639014681	0.918533561269182	-0.377176471283977	-0.475855610475194	0.226099649314261	0.890841838411903	0.735766308061665	0.0613281192220905	-0.314009278724362	0.870715462889626	-0.692667971271468	-0.232637290007041	-0.566873433218169	-0.362679595078987	-0.310494714643318	-0.458684984917756	1.01	0.539343323941272	-0.344830765413653	-0.0743483514271919	0.23790565925786	0.0949265422694665	-0.174545092272738	0.83720492925896	-0.0558073213723786	-0.244184155765823	0.208267202368246	0.852642539936956	0.568029497061806	-0.413109468013943	0.907089117856571	0.227700023320585	-0.707855886514149	-0.500863361368679	-0.390602001857717	-0.557895998459547	-0.255419223578989	-0.166888268845828	-0.489545169947008	-0.614742443384263
